$ 1 0.000005 10.20027730826997 50 5 43 5e-11
s -368 -48 -288 -48 0 1 false
R -160 -160 -160 -240 0 0 40 12 0 0 0.5
R -208 160 -208 80 0 0 40 12 0 0 0.5
r 480 0 480 -64 0 1000
162 480 -160 480 -64 2 default-led 1 0 0 0.01
d 64 144 0 80 2 default
d 128 80 64 16 2 1N4148
d 0 80 64 16 2 default
d 64 144 128 80 2 default
w -208 240 -64 240 0
w -208 -48 -64 -48 0
r -208 -160 -208 -48 0 4700
r -208 240 -208 160 0 4700
g -368 64 -368 96 0 0
w -288 -48 -208 -48 0
w -272 240 -208 240 0
r -368 -48 -368 64 0 600
368 560 0 640 0 0 0
w 128 80 176 80 0
w 176 80 176 -48 0
w -64 -48 176 -48 0
w -64 240 -64 80 0
w -64 80 0 80 0
t 432 16 480 16 0 1 -5.879741138414829e-11 -5.539924075037561e-11 100 default
w -208 -160 -160 -160 0
w 480 32 480 112 0
w -160 -160 480 -160 0
w 64 16 320 16 0
r 320 16 432 16 0 10000
r 560 -160 560 0 0 1000
w 480 -160 560 -160 0
w 480 0 560 0 0
r -448 240 -448 352 0 1000
g -352 352 -352 384 0 0
s -352 240 -272 240 0 1 false
w 64 144 480 144 0
w 480 112 480 144 0
w -352 240 -352 352 0
